0.0501680374146
0.0251228809357
0.0143189430237
0.022989988327
0.0175139904022
0.0197048187256
0.0172140598297
0.0170950889587
0.021968126297
0.017637014389
0.0182161331177
0.0181179046631
0.0179808139801
0.0175008773804
0.0214560031891
0.0149371623993
0.0177881717682
0.0166130065918
0.0162680149078
0.0181050300598
0.0195500850677
0.0163698196411
0.0229139328003
0.0239589214325
0.0236477851868
0.0210258960724
0.0220739841461
0.0151319503784
0.0159380435944
0.0176608562469
0.020690202713
0.0166590213776
0.0169529914856
0.0162258148193
0.0166440010071
0.0156898498535
0.0164530277252
0.0175530910492
0.0166168212891
0.0171859264374
0.01735496521
0.017698764801
0.0191779136658
0.0164701938629
0.0165910720825
0.0163209438324
0.0176331996918
0.0192129611969
0.016578912735
0.0179259777069
0.0169818401337
0.0149309635162
0.0161948204041
0.0154237747192
0.0195670127869
0.0172250270844
0.0173959732056
0.0166258811951
0.0159039497375
0.0230050086975
0.0289330482483
0.0191249847412
0.0188910961151
0.015095949173
0.0157690048218
0.0188851356506
0.017767906189
0.0163831710815
0.0162661075592
0.0164370536804
0.0185840129852
0.0178599357605
0.0173349380493
0.0161979198456
0.0233998298645
0.0235948562622
0.0223560333252
0.0248498916626
0.0223019123077
0.0148460865021
0.01868891716
0.0154790878296
0.0179090499878
0.0165560245514
0.0196189880371
0.016618013382
0.0174288749695
0.0165300369263
0.0237250328064
0.0233359336853
0.0161290168762
0.0186908245087
0.0184879302979
0.0227439403534
0.024710893631
0.0236508846283
0.0169911384583
0.0174720287323
0.0169749259949
0.0150830745697
0.0220649242401
0.015291929245
0.0227298736572
0.0156471729279
0.0172400474548
0.0174489021301
0.0186457633972
0.0150940418243
0.0165009498596
0.0164549350739
0.0191280841827
0.0165181159973
0.0241181850433
0.0245199203491
0.0237839221954
0.0253880023956
0.022481918335
0.0142188072205
0.0176491737366
0.0165088176727
0.0157971382141
0.0163819789886
0.0175259113312
0.0174469947815
0.0223569869995
0.0223119258881
0.0171809196472
0.0192949771881
0.0197520256042
0.015545129776
0.0173280239105
0.0234320163727
0.0195858478546
0.0179541110992
0.0215749740601
0.0152947902679
0.0159540176392
0.0174369812012
0.0191819667816
0.0153751373291
0.0170559883118
0.0188791751862
0.0185520648956
0.020653963089
0.01606798172
0.0297679901123
0.0202970504761
0.0200519561768
0.0190241336823
0.0151309967041
0.0219869613647
0.0180928707123
0.0203800201416
0.0172049999237
0.0179219245911
0.0154628753662
0.0169851779938
0.0150980949402
0.0167019367218
0.0164771080017
0.0170590877533
0.0154759883881
0.0200200080872
0.0190980434418
0.0196440219879
0.0178141593933
0.019889831543
0.0164949893951
0.0170438289642
0.0169651508331
0.01793217659
0.0172591209412
0.0176231861115
0.0180959701538
0.0197608470917
0.0196809768677
0.0168859958649
0.0163769721985
0.0155069828033
0.0164179801941
0.0201790332794
0.0182631015778
0.025395154953
0.0165448188782
0.0184211730957
0.0241549015045
0.0162298679352
0.0241379737854
0.0215151309967
0.023442029953
0.0173060894012
0.017972946167
0.0173110961914
0.0193541049957
0.0169479846954
0.0184419155121
0.0228931903839
0.0247859954834
0.0217010974884
0.0239160060883
0.0241551399231
0.0188179016113
0.0182318687439
0.0206699371338
0.0168778896332
0.020828962326
0.0170428752899
0.0173079967499
0.017657995224
0.0163431167603
0.0164408683777
0.0174281597137
0.0207920074463
0.0162432193756
0.0156331062317
0.0173201560974
0.01717877388
0.0189940929413
0.0155279636383
0.0191531181335
0.0182089805603
0.0167081356049
0.0274238586426
0.0180900096893
0.0161600112915
0.0200209617615
0.0209331512451
0.0152459144592
0.01868891716
0.0145750045776
0.0210118293762
0.0174880027771
0.0151669979095
0.0186371803284
0.0146682262421
0.0155758857727
0.0158619880676
0.0183801651001
0.0174899101257
0.0167710781097
0.017765045166
0.0237829685211
0.0242450237274
0.0170428752899
0.0148611068726
0.0187170505524
0.0182840824127
0.0192370414734
0.0186970233917
0.0186250209808
0.0164999961853
0.0187418460846
0.0187549591064
0.0161120891571
0.0179090499878
0.0192699432373
0.0186669826508
0.0250029563904
0.0241749286652
0.0217590332031
0.0219039916992
0.0230851173401
0.0205290317535
0.0184509754181
0.0243651866913
0.0150458812714
0.0242590904236
0.0178329944611
0.0165119171143
0.0190398693085
0.0232799053192
0.0217270851135
0.0221920013428
0.0244150161743
0.0224118232727
0.024111032486
0.0224030017853
0.014839887619
0.0216951370239
0.016951084137
0.0189158916473
0.0170469284058
0.0174250602722
0.0164940357208
0.0191121101379
0.0183460712433
0.0161559581757
0.0171840190887
0.0222909450531
0.0236551761627
0.0213730335236
0.0197911262512
0.0200338363647
0.0175819396973
0.0168759822845
0.0162980556488
0.0182230472565
0.0228412151337
0.0227601528168
0.0232179164886
0.0247259140015
0.0180149078369
0.0181999206543
0.0183348655701
0.0183870792389
0.0242488384247
0.0211079120636
0.0193710327148
0.0166130065918
0.0217499732971
0.0234611034393
0.0244338512421
0.0220880508423
0.0236229896545
0.0143527984619
0.0179250240326
0.0213050842285
0.0229539871216
0.0208909511566
0.0189859867096
0.0185289382935
0.0237720012665
0.0203258991241
0.022696018219
0.0196850299835
0.0201210975647
0.0234639644623
0.0200197696686
0.0173258781433
0.0161471366882
0.0176408290863
0.02277302742
0.0225360393524
0.0221269130707
0.0183160305023
0.0168418884277
0.0168821811676
0.019788980484
0.0242898464203
0.0176570415497
0.0184609889984
0.0267879962921
0.0252408981323
0.0193591117859
0.0207049846649
0.0228497982025
0.0431909561157
0.0200228691101
0.0185859203339
0.0200681686401
0.0223808288574
0.0202639102936
0.0145828723907
0.0182948112488
0.0156490802765
0.0182001590729
0.0176420211792
0.0278971195221
0.0209441184998
0.0214989185333
0.0207619667053
0.0167400836945
0.0265171527863
0.0239720344543
0.0181319713593
0.0197970867157
0.0169270038605
0.020457983017
0.029326915741
0.0216338634491
0.0183010101318
0.0235230922699
0.0151691436768
0.0199332237244
0.0173380374908
0.0187208652496
0.0178711414337
0.0242919921875
0.0213859081268
0.0198490619659
0.0259609222412
0.0160400867462
0.016884803772
0.0216488838196
0.0202920436859
0.0269110202789
0.0215408802032
0.0179221630096
0.0203948020935
0.0256230831146
0.0173761844635
0.0277287960052
0.0236167907715
0.0202038288116
0.0182719230652
0.0146899223328
0.0144419670105
0.016489982605
0.0171160697937
0.0179131031036
0.0160448551178
0.0177538394928
0.0171139240265
0.0200009346008
0.0258600711823
0.0299217700958
0.0162329673767
0.0238029956818
0.0211379528046
0.0210611820221
0.0173079967499
0.0316560268402
0.0226378440857
0.025398015976
0.02996301651
0.0228641033173
0.018522977829
0.0159208774567
0.0201890468597
0.0178289413452
0.021222114563
0.0183570384979
0.0165979862213
0.0171430110931
0.0263249874115
0.016263961792
0.0188751220703
0.0194270610809
0.0199360847473
0.0163271427155
0.018413066864
0.0184509754181
0.0189878940582
0.0169861316681
0.016697883606
0.0187330245972
0.0156769752502
0.0193371772766
0.0206961631775
0.0177609920502
0.0242638587952
0.018091917038
0.0183110237122
0.0174059867859
0.0201539993286
0.0190660953522
0.0193479061127
0.0189561843872
0.0176241397858
0.0157191753387
0.0185930728912
0.0185930728912
0.0180158615112
0.0164120197296
0.0167980194092
0.0153858661652
0.0197951793671
0.0184669494629
0.0207688808441
0.0162651538849
0.0181488990784
0.01859998703
0.0188438892365
0.0223209857941
0.0157051086426
0.0178620815277
0.0193240642548
0.0209379196167
0.0169620513916
0.0173001289368
0.0188739299774
0.0182881355286
0.0178079605103
0.0216710567474
0.0204079151154
0.0280730724335
0.0250589847565
0.0310668945312
0.020791053772
0.0282490253448
0.0201799869537
0.0216999053955
0.0211679935455
0.0218951702118
0.0181851387024
0.0184211730957
0.0224051475525
0.0226159095764
0.0213429927826
0.0233149528503
0.0251870155334
0.0198078155518
0.0176811218262
0.0189979076385
0.0194890499115
0.0156610012054
0.0162229537964
0.0191960334778
0.0203151702881
0.0185260772705
0.0277888774872
0.0235249996185
0.0197501182556
0.0184900760651
0.0181028842926
